0000 0
1111 F
0000 0
0000 0

0100 4
0100 4
0100 4
0100 4

0000 0
0000 0
1111 F
0000 0

0010 2
0010 2
0010 2
0010 2

------

0010 2
0010 2
0110 6
0000 0

0000 0
1110 E
0010 2
0000 0

0000 0
0110 6
0100 4
0100 4

0000 0
0100 4
0111 7
0000 0

------

0100 4
0100 4
0110 6
0000 0

0000 0
0010 2
1110 E
0000 0

0000 0
0110 6
0010 2
0010 2

0000 0
0111 7
0100 4
0000 0

------

0000 0
0110 6
0110 6
0000 0

0000 0
0110 6
0110 6
0000 0

0000 0
0110 6
0110 6
0000 0

0000 0
0110 6
0110 6
0000 0

------

0100 4
0110 6
0010 2
0000 0

0000 0
0110 6
1100 C
0000 0

0000 0
0100 4
0110 6
0010 2

0000 0
0011 3
0110 6
0000 0

------

0100 4
0110 6
0100 4
0000 0

0000 0
0100 4
1110 E
0000 0

0000 0
0010 2
0110 6
0010 2

0000 0
0111 7
0010 2
0000 0

------

0010 2
0110 6
0100 4
0000 0

0000 0
1100 C
0110 6
0000 0

0000 0
0010 2
0110 6
0100 4

0000 0
0110 6
0011 3
0000 0